Random 0 DD 
35 20 35 30 31 18 21 35 21 35 8 36 26 18 34 12 22 33 18 30 32 30 36 37 29 8 21 24 37 20 36 35 37 13 31 8 38 8 24 24 37 33 35 8 21 27 39 36 35 32

Random 0 DD_pt 
35 20 36 30 31 18 21 35 21 35 8 38 26 18 34 12 22 33 18 30 32 30 36 37 29 8 21 24 37 20 36 35 37 13 31 8 38 8 24 24 37 33 35 8 21 27 39 36 35 32

EDD 0 DD 
35 39 36 30 33 29 21 36 21 39 34 39 31 18 34 27 38 33 34 30 32 32 38 37 34 8 21 39 39 20 36 36 37 34 31 8 39 8 24 24 38 33 39 8 21 27 39 39 35 32

EDD 0 DD_pt 
35 39 36 30 33 29 21 36 21 39 34 39 31 18 34 27 38 33 34 30 32 38 38 37 34 8 21 39 39 20 36 39 37 34 31 8 39 8 24 24 38 33 39 8 21 27 39 39 35 32

sarsa 300 DD_pt 
35 20 36 30 31 18 21 35 21 11 8 38 26 18 34 11 22 19 8 30 32 30 36 37 8 8 21 8 37 20 36 35 37 13 31 8 38 8 24 24 37 33 35 8 8 24 19 36 35 32

sarsa 500 DD_pt 
35 20 36 30 31 18 8 25 8 35 8 38 26 8 8 11 15 33 8 30 32 30 36 37 29 8 21 24 37 20 36 35 37 13 31 8 32 8 22 24 37 33 35 8 8 27 19 36 35 32

sarsa 1000 DD_pt 
35 18 36 30 31 18 21 25 21 35 8 38 26 18 8 11 22 33 8 30 32 30 36 37 8 8 21 8 37 20 36 35 37 13 31 8 38 8 22 24 37 8 35 8 8 24 19 36 35 32

sarsa 10000 DD_pt 
35 20 36 30 31 18 21 25 21 35 8 38 26 18 34 11 10 33 18 30 32 30 36 37 8 8 21 8 37 19 36 27 37 13 31 8 38 8 24 24 24 33 35 8 21 27 39 36 35 32

sarsa 100000 DD_pt 
35 20 36 30 31 18 21 25 21 35 8 38 26 18 34 12 10 33 18 30 32 30 36 37 29 8 21 24 37 20 36 35 37 13 31 8 38 8 22 24 37 18 35 8 8 27 39 36 35 32

sarsa 300 DD 
35 20 36 30 31 18 21 35 8 35 8 38 26 18 34 11 22 33 18 30 32 30 36 37 29 8 21 24 37 20 36 27 37 13 24 8 38 8 22 24 37 33 35 8 8 27 19 36 35 32

sarsa 500 DD 
35 20 36 30 31 18 8 35 8 35 8 38 26 8 34 11 15 33 8 30 32 30 36 37 29 8 21 24 37 20 36 35 37 13 24 8 38 8 24 24 37 33 35 8 21 27 19 36 35 32

sarsa 1000 DD 
35 18 36 30 31 18 21 35 21 35 8 38 26 18 34 11 22 33 18 30 32 30 36 37 29 8 21 24 37 20 36 35 37 13 24 8 35 8 24 24 37 33 35 8 8 24 39 36 35 32

sarsa 10000 DD 
35 20 36 30 31 18 21 35 21 35 8 38 26 18 34 12 22 33 18 30 32 30 36 37 29 8 21 24 37 20 36 27 37 13 24 8 38 8 22 24 37 33 35 8 8 27 19 36 35 32

sarsa 100000 DD 
35 20 36 30 31 18 21 35 21 35 8 38 26 18 34 12 22 33 18 30 32 30 36 37 29 8 21 24 37 20 36 35 37 13 24 8 38 8 22 24 24 18 33 8 21 27 39 36 31 32

sarsa 300 random 
35 20 36 30 31 18 21 35 21 18 8 38 26 18 34 12 22 33 18 30 32 24 36 31 29 8 21 24 37 20 36 35 37 13 31 8 38 8 24 24 37 33 35 8 21 24 39 36 35 9

sarsa 500 random 
35 20 36 30 31 18 21 35 21 18 8 38 26 18 34 12 22 33 18 30 32 24 36 37 29 8 21 24 37 20 36 35 37 13 31 8 38 8 24 24 37 33 35 8 21 24 19 15 35 32

sarsa 1000 random 
35 20 35 30 31 18 21 25 21 18 8 38 26 18 34 12 22 33 18 30 32 24 36 37 29 8 21 24 37 20 36 27 37 13 31 8 38 8 24 24 37 33 35 8 21 24 39 36 35 9

sarsa 10000 random 
35 20 35 30 31 18 21 35 21 35 8 38 26 18 34 12 22 33 18 30 32 30 36 37 29 8 21 24 37 20 36 35 37 13 31 8 38 8 24 24 37 33 35 8 21 27 39 15 35 9

sarsa 100000 random 
35 20 36 30 31 18 21 35 21 18 8 38 26 18 34 12 22 33 18 30 32 30 36 31 29 8 21 24 37 20 35 35 37 13 31 8 38 8 24 24 37 33 35 8 21 27 39 15 35 32

Q 300 DD_pt 
35 18 36 30 31 18 21 25 21 35 8 36 26 18 34 12 15 19 18 30 32 30 36 37 29 8 21 24 37 20 36 21 37 13 24 8 32 8 21 24 37 33 35 8 8 8 17 36 35 32

Q 500 DD_pt 
35 18 36 30 31 18 21 25 21 35 8 36 26 18 34 11 15 19 18 30 32 30 36 37 29 8 21 24 37 20 36 25 37 13 24 8 35 8 22 24 37 33 35 8 8 8 19 36 35 32

Q 1000 DD_pt 
8 18 36 30 31 18 21 25 21 35 8 38 26 18 34 11 22 19 18 30 32 30 36 37 29 8 21 24 37 20 36 25 37 13 31 8 35 8 17 24 37 33 35 8 8 13 19 36 35 32

Q 10000 DD_pt 
35 18 36 30 31 18 8 35 8 35 8 38 26 8 8 12 22 33 8 30 32 30 36 37 29 8 21 24 37 20 36 27 37 13 24 8 35 8 22 24 37 33 35 8 8 8 19 36 35 32

Q 100000 DD_pt 
35 20 36 30 31 18 8 25 8 35 8 36 26 8 8 12 15 33 8 30 32 30 36 37 29 8 21 24 37 20 36 35 37 13 24 8 38 8 21 24 37 33 33 8 8 24 19 36 35 32

Q 300 DD 
35 20 36 30 31 18 8 35 8 35 8 36 26 18 34 11 22 33 8 30 32 30 36 37 29 8 21 24 37 20 36 25 37 8 24 8 38 8 22 24 37 33 35 8 21 27 39 36 35 32

Q 500 DD 
35 20 36 30 31 18 8 35 8 35 8 38 26 8 34 12 22 33 18 30 32 30 36 37 29 8 21 24 37 20 36 35 37 13 24 8 35 8 24 24 37 33 35 8 21 27 39 36 35 32

Q 1000 DD 
35 20 36 30 31 18 21 35 21 35 8 38 26 8 34 12 15 33 18 30 32 30 36 37 29 8 21 24 37 20 36 35 37 13 24 8 35 8 22 24 37 33 35 8 21 27 39 36 35 32

Q 10000 DD 
35 20 36 30 31 18 21 35 21 35 8 38 26 8 34 12 22 33 18 30 32 30 36 37 29 8 21 24 37 20 36 27 37 13 24 8 35 8 24 24 37 33 35 8 21 27 39 36 35 32

Q 100000 DD 
35 20 36 30 31 18 21 35 21 35 8 38 26 8 34 12 22 33 18 30 32 30 36 37 29 8 21 24 37 20 36 35 37 13 31 8 38 8 24 24 37 33 35 8 21 27 19 36 35 32

Q 300 random 
35 20 36 30 31 18 21 35 21 35 8 38 26 18 34 12 22 33 18 30 32 30 36 37 29 8 21 24 37 20 36 35 37 13 31 8 38 8 24 24 37 33 35 8 21 27 39 36 35 32

Q 500 random 
35 20 36 30 31 18 21 35 21 35 8 38 26 18 34 12 22 33 18 30 32 30 36 37 29 8 21 24 37 20 36 35 37 13 31 8 38 8 24 24 37 33 33 8 21 27 39 36 35 32

Q 1000 random 
35 20 36 30 31 18 21 35 21 35 8 38 26 18 34 12 22 33 18 30 32 30 36 37 29 8 21 24 37 20 36 35 37 13 31 8 38 8 24 24 37 33 35 8 21 27 39 36 35 32

Q 10000 random 
35 20 36 30 17 18 21 35 21 35 8 38 26 18 34 12 22 33 18 30 32 30 36 37 29 8 21 24 37 20 35 35 37 13 31 8 38 8 22 24 37 33 33 8 21 24 39 36 35 9

Q 100000 random 
35 20 36 30 31 18 21 35 21 35 8 38 26 18 34 12 22 33 18 30 32 30 36 37 29 8 21 24 37 20 36 27 37 13 31 8 38 8 24 24 37 33 35 8 21 27 39 36 35 32

