sarsa 1000 DD_pt 
35 18 36 30 31 18 21 25 21 35 8 38 26 18 8 11 22 33 8 30 32 30 36 37 8 8 21 8 37 20 36 35 37 13 31 8 38 8 22 24 37 8 35 8 8 24 19 36 35 32

sarsa 10000 DD_pt 
35 20 36 30 31 18 21 25 21 35 8 38 26 18 34 11 10 33 18 30 32 30 36 37 8 8 21 8 37 19 36 27 37 13 31 8 38 8 24 24 24 33 35 8 21 27 39 36 35 32

sarsa 100000 DD_pt 
35 20 36 30 31 18 21 25 21 35 8 38 26 18 34 12 10 33 18 30 32 30 36 37 29 8 21 24 37 20 36 35 37 13 31 8 38 8 22 24 37 18 35 8 8 27 39 36 35 32

sarsa 1000 DD 
35 18 36 30 31 18 21 35 21 35 8 38 26 18 34 11 22 33 18 30 32 30 36 37 29 8 21 24 37 20 36 35 37 13 24 8 35 8 24 24 37 33 35 8 8 24 39 36 35 32

sarsa 10000 DD 
35 20 36 30 31 18 21 35 21 35 8 38 26 18 34 12 22 33 18 30 32 30 36 37 29 8 21 24 37 20 36 27 37 13 24 8 38 8 22 24 37 33 35 8 8 27 19 36 35 32

sarsa 100000 DD 
35 20 36 30 31 18 21 35 21 35 8 38 26 18 34 12 22 33 18 30 32 30 36 37 29 8 21 24 37 20 36 35 37 13 24 8 38 8 22 24 24 18 33 8 21 27 39 36 31 32

sarsa 1000 random 
35 20 35 30 31 18 21 25 21 18 8 38 26 18 34 12 22 33 18 30 32 24 36 37 29 8 21 24 37 20 36 27 37 13 31 8 38 8 24 24 37 33 35 8 21 24 39 36 35 9

sarsa 10000 random 
35 20 35 30 31 18 21 35 21 35 8 38 26 18 34 12 22 33 18 30 32 30 36 37 29 8 21 24 37 20 36 35 37 13 31 8 38 8 24 24 37 33 35 8 21 27 39 15 35 9

sarsa 100000 random 
35 20 36 30 31 18 21 35 21 18 8 38 26 18 34 12 22 33 18 30 32 30 36 31 29 8 21 24 37 20 35 35 37 13 31 8 38 8 24 24 37 33 35 8 21 27 39 15 35 32

