Obj1 trainEpi100
Random 0
794

EDD 0 
216

Random 0 
643

EDD 0 
216

Q 100 DD 0.1
331

Q 100 DD_pt 0.1
376

Q 100 random 0.1
730

Sarsa 100 DD 0.1
406

Sarsa 100 DD_pt 0.1
325

Sarsa 100 random 0.1
571

Random 0 
766 876 561 597 872 508 560 848 652 791 700 747 702 667 726 804 685 780 944 848 656 631 660 805 754 655 821 659 551 577 461 767 881 830 844 652 0 545 653 0 626 726 778 521 631 790 641 767 865 632

EDD 0 
216 150 285 28 301 160 202 319 86 312 146 217 243 246 280 198 206 237 232 239 231 249 282 306 392 260 177 431 268 416 214 210 217 246 284 437 0 0 178 0 210 287 0 324 228 302 224 0 208 182

Q 100 DD
517 306 532 629 876 340 452 479 537 484 427 271 534 616 489 307 251 633 405 704 405 436 467 511 890 303 394 579 341 949 287 387 530 461 441 569 0 407 328 0 561 368 514 384 691 452 325 0 361 607

Q 100 DD_pt
320 390 350 533 372 513 682 453 669 834 433 304 491 263 696 451 453 184 457 348 226 547 488 567 928 351 334 596 708 928 603 499 525 454 750 780 0 334 357 0 655 329 578 567 579 397 300 0 310 567

Q 100 random
611 517 772 675 763 668 689 622 557 663 764 749 632 477 746 679 602 696 584 569 552 600 810 460 866 562 708 649 614 854 399 698 613 717 907 497 0 855 491 0 521 737 692 504 591 740 704 520 487 777

Sarsa 100 DD
384 638 809 770 658 367 378 600 333 886 283 486 559 519 701 759 245 784 646 582 345 513 705 633 929 640 318 594 343 887 448 505 583 645 646 849 0 288 292 0 711 494 491 745 401 489 549 0 547 399

Sarsa 100 DD_pt
155 633 775 594 757 294 392 667 320 749 244 411 415 416 597 585 460 700 621 309 624 395 774 560 913 692 544 771 435 883 580 450 677 427 608 736 0 286 442 0 614 606 0 538 691 463 547 0 441 451

Sarsa 100 random
750 535 652 541 935 606 529 834 640 727 753 595 669 606 794 569 722 713 765 540 737 675 911 721 765 616 608 894 470 750 566 560 757 673 779 832 0 681 488 0 594 859 0 507 507 533 518 0 712 528

Obj2
Random 0
8027 7535 6399 5569 4700 5393 6922 6231 7342 4744 8157 5252 3803 6409 4846 8915 3996 5480 5195 7636 3374 5141 5826 7981 5496 5673 9891 6659 4568 5081 5871 6565 7999 7557 7814 5523 0 7935 5666 0 5010 6679 0 3821 7267 6447 4016 4457 5013 5974

EDD 0 
8709 8427 14911 166 16381 4112 8281 14276 883 17833 6805 10311 11334 11665 12171 9129 6835 13496 9360 8251 10074 10743 12843 16763 20069 10301 9299 23284 10379 26170 9016 6517 10090 14715 14569 27473 0 0 5749 0 6888 11107 0 13641 9683 17060 7057 0 7522 4362

Q 100 DD
2885 1095 3426 3350 2903 664 1832 1797 3378 2213 2527 1648 1483 2046 2333 2260 1281 3353 1545 3749 1872 2192 2287 2982 8640 1595 1544 3047 2022 9083 1231 1190 3648 2481 2113 2382 0 2114 2060 0 1720 2138 2688 2609 3205 2162 1096 0 2541 2870

Q 100 DD_pt
2634 2495 1559 2838 1769 1993 2791 1355 2987 6429 3255 1690 2353 1040 2812 2242 2362 319 1959 2022 854 2181 2124 3214 10239 1881 3008 2792 2334 12399 2011 1792 3195 2948 4438 4435 0 1715 2203 0 3195 2332 3537 2465 2418 1936 1203 0 2477 4008

Q 100 random
4982 5251 4596 5481 4285 4347 4617 4770 5522 4021 3837 4725 5922 2915 3497 6727 3002 4047 3936 4673 3400 4672 3841 2752 7589 2838 6462 6226 5699 6594 2681 3778 4641 6866 7364 2644 0 6767 3859 0 4849 3548 4616 2296 6287 4230 3769 3810 3298 3900

Sarsa 100 DD
1596 2281 3536 3548 5270 1006 2285 4196 2242 7777 1707 1816 2028 1903 3177 5552 1260 9435 2959 1763 1017 1769 5842 4697 13639 2975 2722 3166 1090 16221 1487 1024 2108 2577 3767 9217 0 1229 1360 0 2580 3136 2966 1603 3702 2238 1821 0 2157 2573

Sarsa 100 DD_pt
735 2725 4241 2879 2459 1107 781 5371 3084 7546 714 1083 1372 2914 2776 3732 2391 5006 3676 1661 2261 1729 7123 5878 13306 3829 2668 5371 1463 14193 2798 1937 3261 2954 2710 6832 0 541 1269 0 3775 3184 0 2154 1793 3623 2527 0 2340 1504

Sarsa 100 random
3211 6073 4453 3769 7342 3007 5495 7079 6285 7920 6264 3792 5086 6531 3621 5419 4525 4916 8048 4494 4303 3708 6683 6471 5635 4327 7877 6887 2870 9736 3205 2735 3930 8539 5159 6649 0 4656 3700 0 2831 6274 0 3274 3683 4956 3881 0 4701 4019

Obj1
Random 0 
4518 4790 4548 4441 4523 4512 4406 4505 4374 4641 4295 4263 4694 4514 4471 4408 4040 4311 4362 4803 4012 4218 4601 4569 4505 4296 4544 4605 4234 4744 4281 4251 4721 4677 4370 4571 0 4337 4351 0 4486 4590 4043 4272 4525 4681 4254 4506 4177 4267

EDD 0 
2140 2108 2125 2127 1971 2176 2092 2152 2009 2500 2164 2075 2025 2220 2165 2430 2260 2168 2028 2048 2069 2317 2247 2410 2524 2063 2048 2053 2038 2546 2219 2303 2097 2253 2159 2325 0 0 2289 0 2312 2139 0 2051 2313 2431 2285 0 2380 2237

Q 100 DD
4518 3896 4085 4282 3729 4223 4562 4000 4562 4808 4535 4176 4022 4627 4608 3772 4789 4723 4284 4639 4192 4718 4362 4783 4735 3807 3611 4521 4506 4928 4429 4340 4247 4440 4366 4524 0 4277 4466 4759 4108 4341 0 3845 4451 4564 4779 0 4589 4340

Q 100 DD_pt
4125 3942 3933 4718 3829 4297 4722 4185 4366 4870 4529 3934 4085 4451 4551 3820 4756 4696 4541 4360 4082 4716 4664 4827 4665 4003 3788 4181 4462 4906 4194 4470 4276 4418 4587 4538 0 4665 4632 4821 4174 4487 3472 4001 4671 4938 4851 0 4418 4466

Q 100 random
4164 4544 4142 4324 4480 4436 4750 4283 4622 4701 4597 4289 4789 4830 4693 4772 4681 4686 4676 4724 4245 4465 4425 4754 4594 4658 4475 4597 4517 4798 4673 4178 4483 4735 4717 4618 0 4304 4702 0 4484 4580 4197 4323 4530 4771 4716 4642 4556 4583

Sarsa 100 DD
4100 3970 3793 4313 4145 4499 4752 4325 4568 4804 4511 4063 4278 4637 4642 4011 4696 4763 4545 4655 4482 4804 4651 4844 4572 3892 4047 4180 4660 4877 4311 4175 4021 4641 4497 4348 0 4446 4605 4790 4116 4741 3461 4772 4661 4809 4933 4483 4743 4580

Sarsa 100 DD_pt
3849 4475 4176 4400 4297 4279 4723 4296 4699 4859 4678 4291 4902 4811 4565 4017 4726 4754 4376 4735 4171 4756 4484 4762 4785 4314 3962 4389 4666 4900 4346 4213 4358 4733 4722 4551 0 4441 4657 4812 4529 4500 0 4462 4516 4710 4905 4540 4641 4813

Sarsa 100 random
4557 4269 4672 4225 4651 4407 4363 4818 4220 4728 4521 4492 4034 4470 4499 4365 4603 4493 4282 4080 4644 4742 4548 4734 4741 4323 4304 4524 4650 4798 4437 4353 4481 4419 4571 4572 0 4369 4721 0 4351 4387 0 4514 4578 4821 4311 4583 4866 4811

Obj2
Random 0
302281 272390 252834 265302 303975 219707 221688 266317 258675 174833 210685 241012 268177 248950 305676 245035 250483 277922 257774 267333 282152 205795 288376 283102 235150 312536 276568 300682 281840 258199 271610 209610 240299 254012 265575 255373 0 198507 218745 0 253023 259291 243545 257475 265362 199668 283059 214297 232664 221210

EDD 0 
705525 709586 749784 678592 765733 751383 742717 790068 705658 893224 748323 746249 714504 767242 838640 827364 768453 811149 749857 682413 717664 760634 839129 820408 975304 730683 721949 750524 744220 975133 769781 801132 709315 749521 759151 899342 0 0 747551 0 802098 768496 0 783608 770719 827691 828568 0 832499 744286

Q 100 DD
343575 372478 366326 259700 347899 318361 366029 332809 288167 345545 339689 321650 321647 313991 319270 324559 291943 308035 289453 311520 299267 299652 304333 370630 484750 281065 317215 276203 285002 337407 334782 295686 283225 292236 307863 276842 0 261536 278539 359901 265490 262697 0 254381 238367 337017 315469 0 293179 269755

Q 100 DD_pt
318303 365654 346632 296223 353181 287885 399505 352477 357457 385607 348722 385981 312343 364127 329159 336079 306624 365957 274845 286516 286945 345292 316414 472475 523400 251787 290961 262037 284898 338633 306857 268300 313154 295689 311030 345488 0 272274 286464 328924 281236 230926 204992 280275 229285 254559 310236 0 270809 223217

Q 100 random
308944 334601 386106 319267 367750 280430 365901 387640 382941 270520 343773 356808 334401 352986 381995 374777 295300 397109 361056 330494 300767 319017 292181 344980 373238 306022 281335 303004 333916 323962 307746 352181 297637 302385 292577 338809 0 249897 246351 0 263418 300844 258200 313833 278634 287510 253618 305969 257947 293190

Sarsa 100 DD
521245 514735 538364 509967 526914 495004 522379 588625 511400 575601 473418 549431 488886 533285 559899 557676 509833 531826 509039 468788 484555 460372 485521 630898 676397 492221 424092 539474 444975 527886 522663 507878 512652 416785 498710 645330 0 411875 443352 496984 485183 500175 374919 453921 474435 505212 537930 693614 475076 405895

Sarsa 100 DD_pt
505407 519677 588726 455731 561762 477464 505959 584775 505694 520098 492725 467282 500126 516471 530022 551864 526513 568974 536703 436712 495622 551210 523672 578334 730226 490836 428984 470813 473251 597710 510177 446640 494751 433593 450020 549249 0 452759 468880 557365 481258 458851 0 460484 460719 527847 502168 652120 492717 476544

Sarsa 100 random
394343 449703 408291 408456 501589 406111 451429 481781 412189 435612 380426 407794 426279 444926 420479 467421 409783 402953 404866 390055 425077 414225 427692 386786 430210 425028 418624 418652 419501 432840 414468 387398 370450 426853 416241 455380 0 323410 369212 0 375327 399277 0 389182 374534 434039 391532 421608 373214 321631

obj2 trainEpi500 timeSize5000
Q 500 DD
76793 116497 106721 100166 108241 114121 100021 122811 120927 101071 95100 90479 104890 108664 106636 115396 105551 127442 87859 96520 101058 93144 108225 148445 198231 112581 92370 121343 116621 147689 120420 100362 97149 117943 95614 112034 0 90582 107287 0 87028 103707 0 95087 89870 135491 153361 237897 118156 105699

Q 500 DD_pt
89916 84069 108876 95557 106650 92395 118386 107645 121592 113300 115211 90241 79045 90408 108684 89816 97012 125495 90848 84993 98601 130274 98905 138127 243745 107516 109868 117621 108154 139634 86658 106841 84483 111152 74273 113141 0 86719 116955 0 80765 98829 95779 86192 94953 119069 154505 260526 132018 107985

Q 500 random
197858 138379 161063 185961 195104 156239 152985 208024 163792 175423 179484 137173 172100 169087 176873 169626 143672 170767 156615 170839 162023 183515 179749 190002 245959 204328 179183 243112 148987 169113 179149 149064 168054 166413 149786 164653 0 170457 154391 0 142874 177354 0 189525 171539 148080 202936 195800 169921 165148

Sarsa 500 DD
136990 107114 98290 157123 147249 113131 141724 142391 165620 132413 117199 141940 121165 152116 163489 125769 177583 161445 132749 140987 117717 156918 148998 272309 308574 122022 112683 120063 164356 220579 153710 106007 145018 147815 147592 194234 0 120730 138703 0 140688 148302 97473 109534 150013 181731 201265 0 218851 122768

Sarsa 500 DD_pt
119516 98750 135928 132842 140287 98379 138331 134640 134199 161797 130233 131212 108412 151374 145692 118705 180024 162948 121353 113833 110786 148230 153151 260983 355148 129886 112690 113508 131841 185487 142035 110935 119744 133335 148428 161075 0 121421 174325 0 115434 139228 84268 112775 130626 168446 271461 414274 146613 139634

Sarsa 500 random
209792 180464 204544 193168 209532 163248 219159 212211 198991 218409 178513 207036 202615 187308 206687 182295 191137 237563 191825 208659 189896 260373 222167 253328 269203 228941 217118 217805 193773 225360 212926 179596 190943 193065 210487 248837 0 176800 215943 0 199633 216516 180146 182406 200622 225207 256497 299445 227030 204470

obj2 trainEpi500 timeSize1000
Q 500 DD
76793 116497 106721 100166 108241 114121 100021 122811 120927 101071 95100 90479 104890 108664 106636 115396 105551 127442 87859 96520 101058 93144 108225 148445 198231 112581 92370 121343 116621 147689 120420 100362 97149 117943 95614 112034 0 90582 107287 0 87028 103707 0 95087 89870 135491 153361 237897 118156 105699

Q 500 DD_pt
89916 84069 108876 95557 106650 92395 118386 107645 121592 113300 115211 90241 79045 90408 108684 89816 97012 125495 90848 84993 98601 130274 98905 138127 243745 107516 109868 117621 108154 139634 86658 106841 84483 111152 74273 113141 0 86719 116955 0 80765 98829 95779 86192 94953 119069 154505 260526 132018 107985

Q 500 random
197858 138379 161063 185961 195104 156239 152985 208024 163792 175423 179484 137173 172100 169087 176873 169626 143672 170767 156615 170839 162023 183515 179749 190002 245959 204328 179183 243112 148987 169113 179149 149064 168054 166413 149786 164653 0 170457 154391 0 142874 177354 0 189525 171539 148080 202936 195800 169921 165148

Sarsa 500 DD
136990 107114 98290 157123 147249 113131 141724 142391 165620 132413 117199 141940 121165 152116 163489 125769 177583 161445 132749 140987 117717 156918 148998 272309 308574 122022 112683 120063 164356 220579 153710 106007 145018 147815 147592 194234 0 120730 138703 0 140688 148302 97473 109534 150013 181731 201265 0 218851 122768

Sarsa 500 DD_pt
119516 98750 135928 132842 140287 98379 138331 134640 134199 161797 130233 131212 108412 151374 145692 118705 180024 162948 121353 113833 110786 148230 153151 260983 355148 129886 112690 113508 131841 185487 142035 110935 119744 133335 148428 161075 0 121421 174325 0 115434 139228 84268 112775 130626 168446 271461 414274 146613 139634

Sarsa 500 random
209792 180464 204544 193168 209532 163248 219159 212211 198991 218409 178513 207036 202615 187308 206687 182295 191137 237563 191825 208659 189896 260373 222167 253328 269203 228941 217118 217805 193773 225360 212926 179596 190943 193065 210487 248837 0 176800 215943 0 199633 216516 180146 182406 200622 225207 256497 299445 227030 204470

obj1 trainEpi500 timeSize1000
Q 500 DD 807 517 327 611 463 598 675 309 752 475 645 825 426 625 526 594 655 368 257 380 435 428 600 726 709 634 427 805 551 696 539 475 570 391 633 642 0 517 614 614 472 649 0 492 621 852 468 690 420 715

Q 500 DD_pt 504 478 526 588 474 427 782 609 736 617 664 800 603 546 477 810 673 693 579 716 360 491 537 618 509 535 650 560 535 570 372 553 630 657 721 590 0 385 623 0 304 691 491 619 675 458 379 0 633 511

Q 500 random 673 583 565 657 643 599 670 750 517 724 517 854 539 610 710 746 686 726 518 576 667 671 640 608 845 557 816 755 706 849 522 638 637 754 680 566 0 398 565 913 695 844 549 718 723 760 731 598 771 714

Sarsa 500 DD 712 776 557 674 657 529 607 609 489 535 676 494 592 772 450 604 672 468 439 766 687 794 545 570 765 577 671 774 707 833 697 489 812 638 688 902 0 392 619 0 653 875 582 421 948 783 498 503 653 639

Sarsa 500 DD_pt 530 632 517 690 582 632 571 541 873 662 796 483 559 505 478 762 564 473 628 563 551 582 509 729 864 411 582 628 595 873 644 643 665 689 634 508 0 602 632 0 569 544 692 500 558 788 488 475 660 799

Sarsa 500 random 716 702 748 740 710 549 513 587 671 543 651 468 702 907 806 660 724 606 679 782 576 618 682 800 884 710 903 790 643 714 450 686 870 642 737 729 0 761 551 0 669 740 0 562 546 642 660 689 635 600

obj1 trainEpi500 timeSize5000

Q 500 DD 2604 3842 4434 3417 4264 4059 3520 3744 3871 4130 4029 3285 3020 3706 3597 3825 3662 3702 3653 3485 4182 3871 4518 4253 4732 4627 3597 4050 3434 4305 4659 3089 3924 4150 3058 4385 0 3201 2986 0 2638 3575 0 3838 3697 4228 4308 4781 4361 4196

Q 500 DD_pt 2762 3246 3412 2581 3095 3773 3866 4202 3481 4238 3712 4117 3361 2891 3716 2800 3698 3279 2779 3437 2654 4094 3360 4594 4771 4034 4127 3377 3659 4574 2753 4432 2453 3524 4070 4402 0 3605 4231 0 2730 4092 3675 3780 2817 3808 4530 4823 3984 3619

Q 500 random 4225 3515 4106 3886 4163 3588 4537 4157 3757 4430 4298 4100 4568 4398 4335 4183 4168 4378 3823 3693 4138 4589 4506 4468 4760 4290 4436 4457 4263 4683 4167 4036 3357 4121 4537 4327 0 3624 3758 0 3943 4619 0 4187 3820 4208 4303 4620 4073 4565

Sarsa 500 DD 4044 3747 2966 4308 3854 4208 4589 4660 3735 4637 3934 4464 2674 4171 4209 3489 4329 4072 3606 4014 2909 4451 3705 4499 4845 3873 2747 4356 4039 4564 4165 4286 3542 3593 3599 4553 0 3689 4030 0 4432 4290 4054 3382 4064 4535 4613 0 4312 4139

Sarsa 500 DD_pt 4044 3369 3876 3612 4669 4200 4280 4027 4605 4715 3687 3912 3789 3634 3866 3887 4408 4639 3580 3595 3269 4566 3982 4487 4782 3484 4322 3704 3923 4799 3886 3608 3458 3578 4057 3482 0 3911 4101 0 4207 4166 4084 3559 3914 4592 4607 4669 4209 4214

Sarsa 500 random 4452 3771 4633 4386 3911 4018 3998 3829 4764 4640 4648 4358 4546 4073 4122 4322 4712 4493 4339 4764 4320 4769 4366 4959 4837 4404 4328 4664 4433 4873 4229 4338 4517 4440 3793 4545 0 4309 4496 0 4450 4413 4248 4732 4222 4668 4550 4800 4670 4068

