Random 0 
-2192 63433 47246 41352 47978 65924 35980 48098 43618 55996 48300 35560 53579 30857 50360 40417 42058 40997 51868 49144 48511 40676 52135 42509 52213 42205 50081 53583 58542 52883 42286 48069 -1024 57003 30248 44653 36554 56337 37273 -2257 48984 -2675 60540 45927 49586 42645 45477 52919 54842 61201

EDD 0 
-1227 101633 147019 178571 178651 135736 141508 174614 115143 136224 150948 184835 183776 128219 -2837 133571 -2036 119519 106879 127912 -1530 133834 145253 -2214 155623 128034 164567 132026 141602 154688 -3131 160925 -1056 132973 135382 -1936 163086 154650 116369 -1783 115340 -1440 134625 -1727 176699 109526 130570 178946 140868 141272

Q 500 DD -2177 28538 11648 16931 21710 30721 19182 32959 16110 24262 20879 21825 18269 17110 20694 21360 17773 23039 16538 22157 21405 17904 21615 19437 29732 10762 18239 27514 20765 26653 29554 34926 16579 13107 20992 26842 15827 28396 18595 -2302 26891 -2920 32082 23732 19713 25566 14008 24595 26735 25642

Q 500 DD_pt -2178 33336 15652 21614 18672 28280 17462 20493 15743 23803 17870 16321 15938 13894 6067 13518 14797 20788 11523 14085 14819 15624 15466 24747 33629 14740 26388 21509 23793 22153 25817 21752 -1007 17457 15187 20625 28025 26846 12017 -2230 19900 -2678 25380 16410 19505 22795 19326 26196 20064 22756

Q 500 random -2177 40280 21212 38345 30756 40322 30588 28121 19705 32445 24087 30719 30156 21924 27560 23857 29108 29069 31017 33621 35342 22050 30663 28122 41741 25576 27130 43267 40470 42562 34026 30279 -1025 30686 18368 32589 30717 32450 19004 -2269 29528 -2705 28328 29816 33016 28611 30070 37128 42860 31880

Sarsa 500 DD -2215 26583 14871 30602 33277 18861 9365 28129 15593 20361 11763 17551 36476 18337 17646 12276 22763 24934 14560 21370 19716 10664 21776 18652 21679 26577 24284 19270 25355 24167 24182 21414 -1035 21987 15124 33859 15366 19100 12623 -2211 22827 -1361 24406 42589 28891 18346 30627 44889 24267 22650

Sarsa 500 DD_pt -2197 29481 17119 28981 31579 21413 15860 21622 15114 10891 17430 42428 25711 15819 13543 23068 26555 22175 26952 20979 25587 20958 26860 24759 28115 24493 35339 26675 24090 29647 28866 28322 -1025 15016 17676 43078 16395 15847 12841 -2229 18439 -2685 26735 32512 31302 22883 26378 41851 27900 21822

Sarsa 500 random -2334 43142 33819 45808 51340 53133 35447 45145 35075 24606 32304 37665 42602 38759 27628 27394 43692 37716 34615 33495 47623 35377 41197 29345 54046 24808 48757 40051 28268 39858 51008 35312 28758 34280 22152 53843 40023 41094 25932 -2239 34023 -1379 40215 50989 44159 50130 35814 54520 28831 58276

