Random 0 
2187 71842 56776 62289 59055 86125 55905 51601 53558 61459 57534 52950 69074 48044 62886 59806 60233 46632 51308 54260 58882 57644 61968 60546 60975 52538 57755 65343 68965 56528 68264 52329 1018 47816 52859 63387 61895 58876 52688 2224 70717 2647 69454 60524 49425 56664 56089 65849 76311 59328

EDD 0 
1227 109895 157813 180721 182893 148258 150716 175674 136099 149504 160202 195273 188120 136907 2837 155773 2036 126573 134487 138374 1530 150750 155097 2214 164133 148728 173257 139172 149442 166358 3131 165569 1056 143283 151242 1936 174112 162894 138851 1783 132276 1440 138959 1727 186321 121106 139864 187164 145940 153004

Q 500 DD 2195 50291 38106 46766 41550 41465 37166 36788 34492 36571 42953 38021 45540 34501 31825 39507 47284 37539 40503 37508 33757 45748 51821 39803 42555 31680 35854 40980 33180 45649 43427 46357 1018 33640 30844 42932 40805 38190 37541 2287 39916 2693 41416 46893 43065 34382 32967 44768 45264 40426

Q 500 DD_pt 2172 54780 35606 33578 38873 50803 33820 43452 37173 40286 34465 39360 45372 34942 38027 42695 45533 42387 36075 34369 33766 44772 38480 42254 33810 31561 33632 37276 42474 34606 37247 36030 1006 29591 38693 36230 34492 40344 30557 2210 44469 2683 33252 37487 31573 31827 31243 38934 34471 42121

Q 500 random 2204 67010 46528 45610 54452 65989 52236 60798 62237 51798 55586 52196 61695 48097 43960 59446 50374 53451 58737 44326 65948 47880 48690 55892 48215 48757 45830 54751 63827 58465 59347 63466 1022 51915 43111 46288 60529 48478 50354 2237 61167 2674 62364 60886 47342 50944 57319 57169 68274 54472

Sarsa 500 DD 2212 48257 41077 39582 47115 58246 40373 33885 38605 41711 46139 50890 50295 31485 41639 41285 32332 41921 45989 36311 38109 41455 42317 42568 41655 47592 52496 41079 37108 48040 53807 40392 1029 35102 36723 60187 35819 36334 38218 2273 44771 2847 41621 59654 48799 32066 50870 56131 48631 45256

Sarsa 500 DD_pt 2185 48817 34314 45890 46864 42196 39042 36240 39092 37478 34445 49873 56582 32490 40607 38256 36145 46770 34914 34683 40866 40726 38139 35244 35972 49207 41921 51266 42564 41957 52221 41805 1035 35089 34437 71668 46765 37368 40953 2244 45800 2855 43762 54386 45603 48993 56885 51679 42238 48848

Sarsa 500 random 2210 71624 56738 47762 59200 62061 67373 57649 65446 54582 62904 64558 72451 55103 60877 62662 44473 54377 68061 56675 58898 58626 65028 54933 66015 57753 56841 55466 61113 62515 70018 64611 1026 66841 44473 65472 60690 47002 45255 2258 57755 2696 69696 62211 55806 67608 49454 75925 68519 70582

