t = 2500
Random 0
72089 70239 0 67670 82194 0 73961 60955 71628 60551 58779 0 63870 66102 71950 19 70841 56540 0 63579 65935 19 84 71875 89075 63281 82567 56484 65816 77359 41562 72214 34121 52112 66492 23299 0 0 0 0 40 0 62289 78201 65837 0 0 0 1339 62823

EDD 0 
0 10801 0 0 0 0 0 0 14778 0 0 0 0 0 13 0 0 0 0 0 0 0 0 0 4855 0 0 0 27 0 0 21407 0 0 0 0 0 0 0 0 0 0 0 0 0 0 0 0 0 0

Sarsa 500 DD 70026 62396 0 64876 88380 0 69337 45015 65462 47115 64143 73328 60413 72066 70673 0 66427 58707 0 56085 63041 8 43 63319 81362 53203 97341 63644 70073 66035 37638 52107 36372 53261 53862 23675 0 0 0 0 0 0 65158 75042 73036 0 0 0 596 58151

Sarsa 500 DD_pt 59937 66654 0 54135 81188 14 70261 62928 68291 48397 59865 77798 78125 63549 78996 12 65018 58577 0 66358 57018 12 16 66107 90213 60936 92725 56041 59338 72532 29398 51185 34756 50381 69583 27166 0 0 0 0 0 0 57971 72552 63517 0 0 0 438 75690

Sarsa 500 random 69507 66931 0 69358 74313 0 66204 55034 72846 49737 64876 0 73154 71308 64949 18 57635 51345 0 55417 60209 7 40 71264 84391 52629 85688 50733 59755 66597 40126 57912 40478 52379 72963 22713 0 0 0 0 18 0 61412 67296 64161 0 0 0 996 49653

t = 3000
Random 0 
107931 106635 0 100859 124016 0 122726 102549 118070 77080 95862 0 98207 93360 125506 33 123472 81166 0 107608 116848 19 141 103294 133613 97660 132941 99366 116015 117695 57820 92917 65391 83603 81661 42225 0 0 0 0 36 96499 90256 109750 97045 0 0 0 1120 104246

EDD 0 
0 20444 0 0 0 0 0 0 27708 0 0 0 0 0 13 0 0 0 0 0 0 0 0 0 4855 0 0 0 27 0 0 36392 0 0 0 0 0 0 0 0 0 0 0 0 0 0 0 0 0 0

Sarsa 500 DD 103232 102762 0 97168 123211 0 103208 80426 149118 83816 97783 0 106251 103128 105719 11 93762 75813 0 93419 98824 0 86 110924 124265 89130 123497 84163 105937 113746 62609 108832 60865 80860 89370 41993 0 0 0 0 0 0 82616 101872 105453 0 0 0 544 89849

Sarsa 500 DD_pt 96016 96541 0 95266 114659 0 118298 83727 171948 71729 96784 0 104366 117086 122778 4 104291 81191 0 94024 110861 20 4 91347 114684 93791 118720 91567 122278 102705 58339 140865 65582 90697 98899 40359 0 0 0 0 0 74020 90155 100812 89629 0 0 0 478 104424

Sarsa 500 random 96692 103385 0 95065 109344 0 109874 87735 116204 78627 86856 117284 105055 89037 87906 24 97921 86555 0 90754 103628 12 0 83526 130811 95489 107895 79738 92819 111674 57214 109694 61016 67859 97279 38284 0 0 0 0 0 0 90535 90551 93114 0 0 0 985 97055

EDD 0 
0 20444 0 0 0 0 0 0 27708 0 0 0 0 0 13 0 0 0 0 0 0 0 0 0 4855 0 0 0 27 0 0 36392 0 0 0 0 0 0 0 0 0 0 0 0 0 0 0 0 0 0


EDD 0 
195641 207769 248171 163496 269248 222911 225915 265746 200002 287026 214985 225585 225022 234783 266742 238992 228646 260638 252909 208590 217175 225656 274814 253998 324886 247493 215681 256312 245397 328894 239575 238852 226590 223255 239927 310728 0 0 216347 0 245420 239376 0 265993 228796 253596 260095 0 247184 201939

RIGHT CONFIGURATION
Random 0 
64827 50844 56576 37741 62638 46148 52191 47474 57882 36440 42917 52002 60922 63517 63679 60077 53388 62398 48448 63705 52016 45255 51555 58311 54805 52735 57992 61368 50021 48001 50150 36615 53328 54756 57409 60356 0 34777 50072 0 51839 57770 52514 51931 40587 47933 53426 51571 42293 44981

EDD 0 
120047 131653 162594 93984 175112 136957 143074 172613 121247 187050 130745 145815 147071 147360 173770 149041 144743 173195 159662 133006 136159 145293 175442 170105 212117 161865 134386 179296 160572 223781 151610 152134 147732 141760 160542 209575 0 0 133375 0 157900 155972 0 173008 148871 160073 164314 0 152920 117491

Q 500 DD 28506 29863 33149 26057 28317 24281 28998 27904 31701 31430 23743 30434 26763 28193 25618 26226 20915 26330 33057 34222 36545 24597 27683 31869 31882 40903 27238 31800 32181 35798 27476 25970 27703 30551 30320 36592 0 21458 22452 27989 25185 25256 0 39783 33085 28513 30937 35638 30773 26878

Q 500 DD_pt 25199 33889 24513 20569 31318 27055 33003 34192 41760 27695 22503 33508 34762 22938 25944 28966 30938 28365 29115 33276 25649 25675 26345 33790 31345 34615 34151 30735 36133 38157 34997 30943 19369 34294 37576 30497 0 22053 29263 0 23979 29581 27831 27906 24173 22726 26106 35165 20251 25481

Q 500 random 51944 45897 40562 47365 46557 36765 39725 51159 41893 42189 40266 38520 58218 42216 42695 42123 37532 35207 46624 55566 45966 46404 39902 41561 49306 53611 45869 65994 46844 39751 41185 38227 46596 41226 49402 34716 0 32653 44851 43510 38287 37041 0 40345 34185 34640 45472 41339 48184 35124

Sarsa 500 DD 30813 38994 28012 29231 31726 21429 31478 30382 32144 43232 31206 21520 38518 26416 26697 48353 30296 32717 37853 33976 33927 25262 28498 47907 50169 38547 31932 44931 33503 57151 32573 24363 39046 37314 32052 37575 0 23676 26608 28638 24026 27542 34901 37867 36662 46518 27325 0 29050 21479

Sarsa 500 DD_pt 29108 33817 33325 27337 35102 21335 39472 35311 34909 39811 25033 39260 33628 27384 29023 51163 24148 32895 31963 33457 33097 31300 31234 59778 59240 34268 36026 47007 27064 45873 31067 23740 34226 37452 34673 37101 0 18694 31412 33016 25161 29500 32885 32804 30475 45891 23271 0 25093 21890

Sarsa 500 random 53291 47987 58305 46854 57727 37042 43486 57580 48107 63289 39619 65958 56500 51257 43129 57961 39821 55610 57841 56167 51897 39227 41887 54755 46031 52576 57612 69018 60342 64580 46149 40362 57292 65635 50616 60401 0 28169 42673 0 50343 56016 49829 54744 56470 54407 49316 71059 35294 38623

DQN 5000 time steps: 426564., 509217., 514244., 400788., 509867., 435234., 399430.,
       497791., 354229., 410963., 431286., 491368., 442698., 426948.,
       412044., 582275., 349019., 487741., 476641., 454388., 433466.,
       378453., 415343., 408932., 417830., 449942., 509470., 685212.,
       481913., 421759., 426372., 456794., 444856., 444842., 433399.,
       443346.,      0., 340765., 355124.,      0., 434374., 547748.,
       458625., 537442., 536347., 411510., 354946., 358859., 438208.,
       272891.
