obj1
Random 0
2733 2577 2838 2291 2609 2375 2242 2758 2420 2274 2405 2744 2681 2874 2496 2871 2386 2642 2384 2341 2467 2634 2801 2540 2777 2903 2584 2437 2702 2566 2516 2322 2682 2425 2639 2546 0 2360 2225 0 2516 2439 2456 2317 2706 2604 2720 2490 2516 2244

EDD 0 
1074 1125 1191 1039 1329 1217 1210 1292 1141 1433 1162 1180 1137 1232 1337 1256 1186 1267 1286 1064 1123 1170 1356 1259 1533 1137 1187 1170 1149 1483 1192 1318 1124 1113 1197 1369 0 0 1147 0 1246 1153 0 1316 1167 1289 1336 0 1339 1192

Q 500 DD_pt 2762 3246 3412 2581 3095 3773 3866 4202 3481 4238 3712 4117 3361 2891 3716 2800 3698 3279 2779 3437 2654 4094 3360 4594 4771 4034 4127 3377 3659 4574 2753 4432 2453 3524 4070 4402 0 3605 4231 0 2730 4092 3675 3780 2817 3808 4530 4823 3984 3619

Q 500 DD_pt 2762 3246 3412 2581 3095 3773 3866 4202 3481 4238 3712 4117 3361 2891 3716 2800 3698 3279 2779 3437 2654 4094 3360 4594 4771 4034 4127 3377 3659 4574 2753 4432 2453 3524 4070 4402 0 3605 4231 0 2730 4092 3675 3780 2817 3808 4530 4823 3984 3619

Q 500 DD_pt 2762 3246 3412 2581 3095 3773 3866 4202 3481 4238 3712 4117 3361 2891 3716 2800 3698 3279 2779 3437 2654 4094 3360 4594 4771 4034 4127 3377 3659 4574 2753 4432 2453 3524 4070 4402 0 3605 4231 0 2730 4092 3675 3780 2817 3808 4530 4823 3984 3619

obj2
Sarsa 500 DD_pt 119516 98750 135928 132842 140287 98379 138331 134640 134199 161797 130233 131212 108412 151374 145692 118705 180024 162948 121353 113833 110786 148230 153151 260983 355148 129886 112690 113508 131841 185487 142035 110935 119744 133335 148428 161075 0 121421 174325 0 115434 139228 84268 112775 130626 168446 271461 414274 146613 139634

Sarsa 500 DD 43924 35246 53435 32797 62960 35791 55668 48743 36748 57100 44798 44308 45159 49021 37085 46509 51238 42495 55811 51386 47621 38845 41133 67665 116588 52506 47271 79320 45483 69350 38158 33929 42695 45770 48619 58860 0 40758 41742 0 43841 51986 42662 68527 42807 90691 56789 0 50909 35495

Sarsa 500 random 67375 67193 81718 64330 71250 57136 68642 99835 74774 67201 71568 82167 99895 74939 74431 75925 76510 88148 104979 83506 69922 91785 73821 93440 92107 91441 93019 102175 82478 92139 65591 73622 73629 69792 77929 84872 0 59635 56701 0 85700 76615 0 87201 84196 81675 71642 0 67790 52429

Q 500 DD 36579 49838 42349 27889 55017 40720 51652 34086 36585 38679 37928 41687 40711 41297 41441 35125 38393 39392 44505 50904 40087 36179 47583 46802 58698 39981 52116 45150 38611 49819 36418 38392 45049 52621 38747 36276 0 40828 33581 46322 35155 37909 0 42399 38668 47642 36993 54227 37291 33732

Q 500 random 78435 50293 57808 56541 73420 60556 66749 70278 68421 57159 69640 56576 68539 54529 74096 56953 56189 55650 56617 87164 64253 55474 70572 78765 73969 70794 83932 76158 63977 58490 59726 61933 75502 78208 72475 62170 0 44222 63830 68594 60916 58123 57469 79265 67547 57173 56721 69602 59294 64739

Q 500 DD_pt 44271 36617 33770 24705 59006 35262 42473 35155 39434 31541 28768 35694 42326 40023 42962 38974 36421 44638 41075 57335 46091 45462 35641 50206 58582 39853 51005 50669 33860 49100 36138 41381 38033 38365 41186 41404 0 33585 36669 40838 32663 38516 35196 40852 40392 50101 40438 0 50688 34746

Random 0 
76338 91457 90298 79713 101791 68523 86998 79758 87151 64236 89429 94498 90640 69521 99233 72166 69080 91769 98047 87350 91715 71708 88237 104596 80844 109066 75393 110024 90289 62947 81786 81868 77953 79170 98927 88556 0 55551 68495 79248 97284 69842 78585 74780 86265 82666 72121 76012 56320 66223

EDD 0 
195641 207769 248171 163496 269248 222911 225915 265746 200002 287026 214985 225585 225022 234783 266742 238992 228646 260638 252909 208590 217175 225656 274814 253998 324886 247493 215681 256312 245397 328894 239575 238852 226590 223255 239927 310728 0 0 216347 0 245420 239376 0 265993 228796 253596 260095 0 247184 201939

Q_lambda
crit 1
24868., 23659., 29667., 16800., 21618., 24116., 24915., 18719.,
       29149., 23470., 21687., 20874., 20517., 24349., 24840., 25006.,
       20600., 22264., 29562., 20088., 17182., 17017., 17677., 18141.,
       18339., 25481., 27051., 24549., 15825., 29395., 22069., 20911.,
       26057., 19719., 32683., 17971.,     0., 20733., 25660., 25629.,
       21476., 14764., 28884., 25150., 24985., 26335., 27963., 28408.,
       24649., 19168.
  crit 2
24868., 23659., 29667., 16800., 21618., 24116., 24915., 18719.,
       29149., 23470., 21687., 20874., 20517., 24349., 24840., 25006.,
       20600., 22264., 29562., 20088., 17182., 17017., 17677., 18141.,
       18339., 25481., 27051., 24549., 15825., 29395., 22069., 20911.,
       26057., 19719., 32683., 17971.,     0., 20733., 25660., 25629.,
       21476., 14764., 28884., 25150., 24985., 26335., 27963., 28408.,
       24649., 19168.
EDD 0 
195641 207769 248171 163496 269248 222911 225915 265746 200002 287026 214985 225585 225022 234783 266742 238992 228646 260638 252909 208590 217175 225656 274814 253998 324886 247493 215681 256312 245397 328894 239575 238852 226590 223255 239927 310728 0 0 216347 0 245420 239376 0 265993 228796 253596 260095 0 247184 201939

Random 0 
94971 89760 78013 77870 98014 76088 84843 78700 76913 60711 79713 71646 97980 80314 85948 70545 74695 91355 98075 116740 86585 71324 84553 91979 84392 106026 75033 94584 68302 77205 81564 67854 83364 73515 77901 94636 0 57432 78467 0 90835 91495 0 97130 92044 92208 86889 68858 70561 71459

EDD 0 
8709 8427 14911 166 16381 4112 8281 14276 883 17833 6805 10311 11334 11665 12171 9129 6835 13496 9360 8251 10074 10743 12843 16763 20069 10301 9299 23284 10379 26170 9016 6517 10090 14715 14569 27473 0 0 5749 0 6888 11107 0 13641 9683 17060 7057 0 7522 4362

EDD 0 
8709 8427 14911 166 16381 4112 8281 14276 883 17833 6805 10311 11334 11665 12171 9129 6835 13496 9360 8251 10074 10743 12843 16763 20069 10301 9299 23284 10379 26170 9016 6517 10090 14715 14569 27473 0 0 5749 0 6888 11107 0 13641 9683 17060 7057 0 7522 4362

Q 1 DD_pt 0

Sarsa 1 DD_pt 0

Sarsa 1 DD_pt 0

Random 0 
70406 72811 0 63735 76507 0 64638 60487 67050 55779 74408 0 71729 71316 85618 25 70933 63410 0 51034 68831 15 167 70781 78514 65766 78488 64615 70679 76361 38255 64629 54860 55962 65326 26021 0 0 0 0 17 59549 58854 80497 77926 0 0 0 1405 63353

EDD 0 
0 10801 0 0 0 0 0 0 14778 0 0 0 0 0 13 0 0 0 0 0 0 0 0 0 4855 0 0 0 27 0 0 21407 0 0 0 0 0 0 0 0 0 0 0 0 0 0 0 0 0 0

Sarsa 500 DD 70026 62396 0 64876 88380 0 69337 45015 65462 47115 64143 73328 60413 72066 70673 0 66427 58707 0 56085 63041 8 43 63319 81362 53203 97341 63644 70073 66035 37638 52107 36372 53261 53862 23675 0 0 0 0 0 0 65158 75042 73036 0 0 0 596 58151

Sarsa 500 DD_pt 59937 66654 0 54135 81188 14 70261 62928 68291 48397 59865 77798 78125 63549 78996 12 65018 58577 0 66358 57018 12 16 66107 90213 60936 92725 56041 59338 72532 29398 51185 34756 50381 69583 27166 0 0 0 0 0 0 57971 72552 63517 0 0 0 438 75690

Sarsa 500 random 69507 66931 0 69358 74313 0 66204 55034 72846 49737 64876 0 73154 71308 64949 18 57635 51345 0 55417 60209 7 40 71264 84391 52629 85688 50733 59755 66597 40126 57912 40478 52379 72963 22713 0 0 0 0 18 0 61412 67296 64161 0 0 0 996 49653

