Random 0 
2196 278405 247033 242611 290006 285087 256960 252778 262177 275965 243646 276066 245667 257425 240057 271648 258573 265554 314463 240853 252019 288123 285749 212029 275431 266358 273321 244251 225609 277128 236557 272569 1025 232777 234688 276483 279156 261740 226177 2278 295896 2672 283025 260665 233043 247514 228953 281841 255907 268573

EDD 0 
1227 604896 802420 863657 847014 693298 773466 777259 747661 748315 768700 880418 855136 767465 2837 756370 2036 669179 711452 728935 1530 772187 782651 2214 749097 806344 820284 716201 742026 818861 3131 825960 1056 753284 827130 1936 819951 821130 772498 1783 663981 1440 748293 1727 906916 686263 812831 839732 753761 744869

Q 500 DD 2219 130795 96884 121459 108950 124921 113468 120899 142887 127620 140255 118054 133717 114590 132299 123561 115727 120801 92843 109195 130140 138997 115694 125366 133774 150545 197997 106641 133898 122947 109224 116596 1004 95758 128410 145199 122764 110921 126290 2269 121244 2958 151131 159119 141148 80931 113652 134752 119142 113830

Q 500 DD_pt 2192 106749 107581 127273 107447 134797 113435 113434 99124 129182 109814 128420 145876 128926 136253 100000 120795 103053 108830 103186 115973 131839 130120 119852 112194 135546 203671 118778 115142 117205 110686 134702 1039 104317 123674 174832 132791 95115 122473 2270 123165 2694 151172 122002 112232 115008 123496 141612 128801 146389

Q 500 random 2206 206278 198255 174849 190605 235852 187574 193931 183253 216115 174579 208940 181355 205017 158999 209652 206131 196471 192151 177188 196994 209787 194694 191236 227265 185622 194702 190767 193459 183159 159775 202250 1026 176658 186550 218263 169198 194051 180403 2239 200294 2667 239188 2615 156456 188926 170849 224321 229720 206176

Sarsa 500 DD 2201 118195 121452 174740 136015 133872 180660 118115 167314 147164 140270 152121 199499 111138 172498 142636 184048 118766 140259 141884 125160 136154 153037 96016 113480 200745 277097 140522 164139 181408 117363 152951 169260 125803 167327 263417 126533 184155 156992 2223 127062 2699 136471 205516 174106 149604 177414 166739 152406 126688

Sarsa 500 DD_pt 2165 102175 123819 192097 169410 139066 152921 138113 154527 175539 156781 171597 251676 131272 196463 146642 160097 115819 130812 155790 125648 138897 139801 113598 125635 187484 318624 131159 176979 157736 107673 132679 1000 117376 148626 295975 117910 155204 141606 2263 113797 2653 134431 247580 172730 132350 179238 146525 132568 106725

Sarsa 500 random 2218 182205 221119 238168 212804 219481 229571 201470 230163 259361 204850 240058 272888 173507 231609 216023 191142 209967 209380 180904 198710 216505 235742 192910 210332 230921 280026 200981 204492 243963 217210 227316 1016 222118 229814 298011 204426 234414 216112 2291 190859 2702 221130 258747 219967 205801 217745 232482 212169 209471

