Random 0 
-2183 239635 244527 306940 273100 278263 260230 244230 226828 259433 225918 235429 196070 238603 258147 224807 253121 261286 269940 213173 243329 261955 249544 221473 268184 204573 237922 259988 245855 254488 219878 277568 -1025 241774 254923 257249 263552 247250 199799 -2262 246139 -2657 246319 276236 239870 235341 210269 321537 253079 258617

EDD 0 
-1227 596634 791626 861507 842772 680776 764258 776199 726705 735035 759446 869980 850792 758777 -2837 734168 -2036 662125 683844 718473 -1530 755271 772807 -2214 740587 785650 811594 709055 734186 807191 -3131 821316 -1056 742974 811270 -1936 808925 812886 750016 -1783 647045 -1440 743959 -1727 897294 674683 803537 831514 748689 733137

Q 500 DD -2193 93297 81733 73448 84529 103237 96255 98185 89272 106037 83663 89541 112220 100335 108670 85922 100300 87357 64342 71546 113944 83789 91196 102136 80487 103574 140919 77408 97255 86382 77768 108568 -1037 90085 88633 161730 88913 83449 83976 -2241 75506 -2673 114702 119810 91223 98068 96344 112382 88059 96383

Q 500 DD_pt -2186 80086 84159 82246 86263 107600 87744 86098 85444 85285 95959 79608 110682 106699 88987 75748 91596 99069 68596 73166 100339 74509 100051 91160 91597 96286 153035 76319 73278 110424 88245 79693 85608 62819 76380 123532 83585 96232 81858 -2277 57706 -2843 110143 84975 98206 93764 118715 91274 85895 117972

Q 500 random -2360 146738 146397 149008 203857 205062 147418 190995 143166 178172 139450 164903 148410 121872 138742 139163 160733 182864 145733 118564 166086 143921 153245 171227 204596 134722 165274 163791 184379 172172 141323 173679 -1034 159976 110922 212560 175905 127876 143830 -2252 159815 -2692 184203 139872 125111 135304 124427 149308 174448 185564

Sarsa 500 DD -2189 73974 74551 187134 149686 87316 159688 117657 129217 151688 124292 131604 208855 100488 160926 115820 165804 94999 106491 136141 116091 100865 131753 88277 98169 178219 214551 120217 146988 145250 91354 140512 -1016 101667 134280 253923 114847 138993 184462 -2232 87963 -1346 120688 210250 119069 111463 132131 124730 133293 102481

Sarsa 500 DD_pt -2175 80936 87634 149131 126724 91662 137573 114832 123812 136855 104316 138223 257534 93576 130931 143241 124820 91966 110983 114789 99821 94008 104466 82745 75845 177591 220075 108238 140398 135964 52387 115138 -1030 89153 107295 250689 69002 147260 150153 -2195 72107 -2862 100311 181734 175689 119598 129681 133330 149920 82178

Sarsa 500 random -2222 148232 173349 173186 206292 191362 186689 160636 177236 169077 176906 188448 210266 164254 204038 165221 191216 166843 196001 142512 182907 170181 181884 154229 165635 172939 238984 162238 152906 217533 176994 177011 179252 180032 222626 254098 174817 222178 191628 -2267 177830 -2891 176267 234925 185447 206197 214437 181479 156300 190959

