sarsa 50 DD 0.01
30 32 29 19 30 31 30 31 38 34 24 35 38 39 37 30 29 30 8 23 10 31 35 27 35 38 34 37 28 31 27 34 8 38 26 29 19 29 11 26 36 37 35 8 38 17 36 22 39 30

sarsa 50 DD lambda 0.1
30 35 29 19 30 31 30 38 38 8 36 35 38 39 37 30 29 30 8 35 10 33 35 38 35 38 35 37 36 17 36 34 8 38 26 29 19 29 11 26 36 37 23 8 38 33 37 22 39 30

Q 50 DD lambda 0.01
37 32 29 19 30 31 30 31 38 25 9 35 38 39 37 30 29 30 8 23 35 8 35 27 35 38 34 37 17 31 35 34 8 38 26 29 19 29 11 26 36 37 17 8 38 22 36 22 39 30

Q 50 DD lambda 0.1
37 35 29 19 30 31 30 38 38 34 36 35 38 39 8 30 8 30 8 35 35 33 35 38 35 38 35 37 36 17 36 34 13 38 26 8 19 29 11 26 36 39 23 13 38 22 37 22 39 30

