QL 1000 dd 20 4687.,  6713.,     0.,  2979., 10833.,     0.,  7855.,  8472.,
        5629.,  7411.,  5831.,     0.,  3339.,  3336.,  6582.,    17.,
       10846.,  5021.,     0.,  1977.,  7577.,    24.,    45.,  8376.,
       10973.,  7484.,  7792.,  3050.,  5631.,  5986.,  1872.,  5969.,
        1250.,  2932.,  4292.,  1391.,     0.,     0.,     0.,     0.,
          33.,  4801.,  7469.,  9208.,  7125.,     0.,     0.,     0.,
         541.,  8795.
QL 1000 dd 5  780.,  200.,  856.,  296.,  712., 1605., 1374.,  453.,  442.,
       3294., 1065.,  537.,  600., 1235., 1074.,  864., 1374.,  894.,
        794., 1274., 1510., 1159.,  334., 1552., 2860.,  458., 1069.,
        292.,  744.,  756.,  815.,  801., 3004.,  948.,  588., 1333.,
        468., 3128.,  817., 2294.,  903.,  332.,  941.,  393.,  596.,
       1090., 1217.,  523.,  904.,  335.
QL 1000 dd_pt 20 9.0630e+03, 7.4890e+03, 0.0000e+00, 8.1010e+03, 1.4607e+04,
       0.0000e+00, 7.7230e+03, 8.0520e+03, 7.1380e+03, 5.7610e+03,
       3.3200e+03, 0.0000e+00, 7.5660e+03, 6.6420e+03, 7.2380e+03,
       5.0000e+01, 1.0028e+04, 6.9510e+03, 0.0000e+00, 5.0340e+03,
       7.8180e+03, 6.0000e+00, 1.6400e+02, 1.4340e+04, 1.1129e+04,
       8.6970e+03, 1.0099e+04, 5.3180e+03, 6.5910e+03, 6.7950e+03,
       5.8610e+03, 9.5110e+03, 2.9690e+03, 4.4790e+03, 8.9630e+03,
       1.1180e+03, 0.0000e+00, 0.0000e+00, 0.0000e+00, 0.0000e+00,
       5.3000e+01, 5.3140e+03, 8.6170e+03, 1.0883e+04, 7.3980e+03,
       0.0000e+00, 0.0000e+00, 0.0000e+00, 3.7100e+02, 4.8510e+03

QL 1000 dd_pt 5 40.,  385.,  876.,   98., 1299.,  426.,  774.,  143.,  637.,
       3065.,  621.,  674.,  890., 2179.,  495.,  223., 1822.,  137.,
       1156.,  160.,  555., 1355.,  228.,  629., 2653., 1252.,  733.,
        346.,  494., 1062.,  896.,  508., 1127.,  409.,  486.,  901.,
        910.,  787.,  233.,  429., 3066.,  238., 2609.,  637.,  795.,
       2021., 1046.,  198.,  511.,  388.