SarsaL 5000 DD 1177 586638 653484 676325 718440 647562 624173 677736 618068 658483 630824 681027 676430 613360 652799 641069 679147 618666 586963 630767 618719 652475 645453 589881 667729 608013 685755 624627 641597 667663 601603 681410 1035 626772 636601 695852 677305 668534 616037 1708 609853 2700 630251 690627 656379 589178 615512 703337 625799 633436

SarsaL 5000 DD_pt 2196 584759 644564 674371 710647 645531 632790 679125 616947 655305 632503 676168 670166 614135 649378 645994 675632 619253 581966 627863 621449 652806 638981 594235 671189 604375 686211 619258 646936 662396 596114 674090 1035 624597 633397 688501 668759 664901 621111 510528 611943 2700 629659 696379 654897 588076 620561 699649 626237 639726

SarsaL 5000 random 2224 415075 444487 440944 489388 450885 392247 463924 431576 399708 402658 459441 444498 457862 410430 454054 423541 411277 408381 395061 375846 411778 428893 393970 430157 385398 408100 444322 419779 442507 397092 487589 1035 361563 409582 485413 454783 474209 385948 353558 407918 2891 437879 454783 419373 378938 387621 534579 447858 404824

OL 5000 DD 2183 96616 83171 107972 93472 106914 93767 98970 116960 110681 129714 91604 165268 128271 110358 112167 109632 109976 109200 109488 119976 116491 93111 120691 94556 124532 192576 98006 135131 111142 104524 125009 1030 123240 103119 194591 126319 130798 134906 2186 103748 2860 106882 158899 111026 91390 103479 116206 111746 95929

OL 5000 DD_pt 2203 87609 89536 94261 103377 104515 85315 89272 115342 129419 119018 107816 141896 111158 120846 106348 129050 104246 109160 92030 111879 121224 106014 95157 78622 170705 178007 82615 123829 126799 76558 90567 1009 88258 97777 132861 102900 103316 114317 2258 108344 2715 114935 155832 97428 100944 145635 121770 100003 108184

OL 5000 random 2209 203947 179496 176344 166575 213321 208498 179098 181407 225528 201259 173277 192683 214462 207481 183578 187752 186210 186653 173064 222036 201256 207508 180605 192471 219087 191671 177816 189174 193276 173899 184992 1021 179248 181628 210189 200902 159233 192546 2249 182993 2699 215917 211879 163861 175891 167772 247518 179311 178006
