SarsaL 2500 DD 2197 79812 64068 65958 70405 76077 67670 79434 138236 139788 146284 154320 163984 125020 129645 135234 150910 134384 122690 134077 136949 132292 143273 131270 152278 120707 144155 137656 144186 147662 144515 146959 1035 131227 122364 155894 149954 138113 131329 1708 130593 2700 146315 154964 149455 132346 130634 165190 156245 138417

SarsaL 2500 DD_pt 2196 84525 62655 66233 60911 77880 65540 61535 75890 68284 67542 62351 54461 60844 63866 57461 59865 60200 62057 58988 56567 60021 71684 64190 86581 62004 62575 69720 58324 67300 66454 70386 1021 63519 58048 64356 75814 58863 66525 2248 72681 2672 75241 60596 54148 63608 60304 73298 70930 74747

SarsaL 2500 random 2224 107437 103146 102492 114789 102777 98272 104188 113365 96964 103625 105055 118649 87314 99683 96055 87587 87210 101349 101491 107810 92738 108799 103047 106722 86112 103603 104186 102163 105983 109752 101694 1035 103042 88687 106586 105461 92896 97819 82113 95481 2891 101588 108559 98444 88426 86749 125126 107210 97741

OL 2500 DD 2185 43678 38017 33593 35031 35037 29165 36665 41696 39668 25639 36343 28311 33361 30744 28467 33794 27277 32583 31102 30181 31008 29422 29695 36460 41378 31667 33542 35235 29524 42114 22499 1041 28006 24484 38140 35736 30406 32433 37079 33571 2839 32007 50729 33407 33654 40036 38240 34456 30026

OL 2500 DD_pt 2175 40399 28891 44058 38513 41748 25385 39102 28233 36452 32793 34849 34171 23287 26102 33533 27866 31321 29294 26858 36856 36372 40096 30255 47827 34714 40431 34161 35081 35600 37591 32023 1009 25485 34655 30642 33440 29637 30425 2214 35539 2663 30817 41871 32823 29925 41629 38480 34962 27318

OL 2500 random 2197 69584 50367 50702 52743 60308 50722 46652 49135 59371 44382 52471 46237 49081 61844 53012 51394 49622 50869 54016 59153 50948 61616 52205 62288 56994 61118 49685 50673 64986 61252 51507 1032 44052 45105 52570 49266 50469 57076 2250 48451 2691 57079 2585 39509 46964 50417 60314 54212 55041


