OL 2500 DD_pt -2194 49079 24526 32908 29384 33382 22659 22219 25007 21978 19382 23440 33914 14036 20748 34278 28229 20203 26402 21000 31799 18428 31105 30918 33473 28570 22677 23889 24862 33297 30653 22579 -1032 21873 10533 27341 24037 22329 10199 -2219 18102 -2717 30586 19852 17660 20949 21331 29229 31735 27405

OL 2500 DD -2201 44708 28873 26275 34324 38711 23299 37213 25272 39000 38145 21367 23845 34245 24795 38605 34048 38418 36690 32906 27719 29132 31996 25088 30144 17727 32183 45092 44037 36253 40652 27448 -1026 19934 23501 27251 27933 27352 23472 -2243 23209 -2703 38483 28284 19680 29522 25378 33122 35159 39863

OL 2500 random -2184 35031 28601 38855 36192 28747 27377 35705 26690 33072 35640 33875 28211 31586 25661 24065 43870 35234 34676 34233 48357 29203 31111 27191 38506 24220 24224 35440 38372 24877 42415 33373 -1021 33378 30867 34896 31206 36520 25374 -2242 31959 -2926 32709 25316 32128 27144 33922 39609 36907 30883

SarsaL 2500 DD -2337

SarsaL 2500 DD_pt -2201

SarsaL 2500 random -2207

SarsaL 2500 DD -1177 136687 139223 148015 157692 141597 139031 153275 134112 138446 144100 152304 163328 124434 126259 132166 148130 134286 119260 132851 134417 131060 142455 127240 151724 117689 142023 136650 142576 146166 142157 146609 -1035 129931 121436 152314 148354 137115 128075 -1708 127257 -2700 146055 149072 147859 131418 129278 164326 154221 136759

SarsaL 2500 DD_pt -2196 52791 56286 57282 61681 67826 53113 63745 46869 53068 41674 54051 40127 49626 48627 52032 50460 52700 118717 131712 134517 130082 139012 127406 148454 115843 144333 136825 143464 144266 140928 146585 -1035 131193 122141 148881 143660 135616 125498 88666 127480 -2700 143102 144873 146280 131967 127728 167009 154452 138419

SarsaL 2500 random -2224 80101 75680 82176 99143 76377 69872 87896 87333 72606 77229 68935 88369 63454 68895 68213 67779 60192 70141 77199 86416 62068 79187 84795 79434 56360 78755 77138 75283 72981 83434 83994 -1035 78006 54843 85562 64581 68576 61629 35481 67467 -2891 76234 78257 73040 57698 59039 100998 77454 69411

