OL 2500 DD -2201 44708 28873 26275 34324 38711 23299 37213 25272 39000 38145 21367 23845 34245 24795 38605 34048 38418 36690 32906 27719 29132 31996 25088 30144 17727 32183 45092 44037 36253 40652 27448 -1026 19934 23501 27251 27933 27352 23472 -2243 23209 -2703 38483 28284 19680 29522 25378 33122 35159 39863

OL 2500 random -2184 35031 28601 38855 36192 28747 27377 35705 26690 33072 35640 33875 28211 31586 25661 24065 43870 35234 34676 34233 48357 29203 31111 27191 38506 24220 24224 35440 38372 24877 42415 33373 -1021 33378 30867 34896 31206 36520 25374 -2242 31959 -2926 32709 25316 32128 27144 33922 39609 36907 30883

OL 5000 DD -2189 80538 78874 91953 96800 107561 87250 89913 76434 107439 93601 92036 84381 89352 103452 90136 112176 100543 66078 80638 89504 102063 94893 94689 78544 74750 126354 96760 98468 90246 88104 126393 -1008 90752 90869 159498 100287 80509 89418 -2215 95809 -2688 110957 90593 77534 104291 88168 102009 84302 100014

OL 5000 DD_pt -2176 115176 105358 95280 96975 122138 79314 101776 90171 85295 98637 75050 143745 83343 85551 102960 116196 122915 81611 78591 103847 94173 82406 100629 91430 113920 141456 123284 100496 107942 88099 93003 -1006 98523 100521 168298 114525 109668 75688 -2244 77388 -2663 114339 82674 102603 98662 134240 110661 92492 111097

OL 5000 random -2179 151618 156351 150542 184074 197818 164834 147000 143986 196030 165047 124155 153940 132377 171013 144897 142647 137287 157774 124325 142731 148284 164492 146926 168805 151056 164194 142404 148924 147006 161039 160029 -1034 139657 118949 183050 124314 135281 125174 -2276 168023 -2683 186997 -2573 149335 130114 107317 150051 126736 157959

SarsaL 5000 DD -1177 586186 651502 676155 717630 646384 623499 677618 615446 657141 628640 679011 675774 612774 649413 638001 676367 618568 583533 629541 616187 650333 644635 585851 667175 604995 683623 623621 639987 666167 599245 681060 -1035 625476 635673 692272 675705 667536 612783 -1708 606517 -2700 629991 684735 654783 588250 614156 702473 623775 631778

SarsaL 5000 DD_pt -2196 583881 642366 674113 709821 644239 631586 678931 613883 653617 629827 673596 668956 613267 645804 643180 672412 619061 577926 626875 618695 650892 637933 590027 670329 600885 683979 617522 643870 660178 592912 673468 -1035 624037 632355 684795 667099 662997 616867 501860 608119 -2700 629307 692727 653021 586820 618977 698539 624053 637990

SarsaL 5000 random -2224 384655 412715 417486 473254 417533 357733 443300 400078 367650 369588 419453 409806 429496 374148 423670 400211 381875 369403 368205 350418 373106 391147 368114 395499 352538 380404 411376 391087 404753 367972 465343 -1035 327923 372128 456137 406945 444055 348978 303396 375612 -2891 404569 420323 387727 341012 355581 508529 408234 369042

