OL 2500 DD 24868 23659 29667 16800 21618 24116 24915 18719 29149 23470 21687 20874 20517 24349 24840 25006 20600 22264 29562 20088 17182 17017 17677 18141 18339 25481 27051 24549 15825 29395 22069 20911 26057 19719 32683 17971 0 20733 25660 25629 21476 14764 28884 25150 24985 26335 27963 28408 24649 19168

OL 2500 DD 24868 23659 29667 16800 21618 24116 24915 18719 29149 23470 21687 20874 20517 24349 24840 25006 20600 22264 29562 20088 17182 17017 17677 18141 18339 25481 27051 24549 15825 29395 22069 20911 26057 19719 32683 17971 0 20733 25660 25629 21476 14764 28884 25150 24985 26335 27963 28408 24649 19168

SarsaL 1 DD 0 0 0 0 0 0 0 0 0 0 0 0 0 0 0 0 0 0 0 0 0 0 0 0 0 0 0 0 0 0 0 0 0 0 0 0 0 0 0 0 0 0 0 0 0 0 0 0 0 0

SarsaL 2500 DD 132089 128623 148635 109578 160728 121958 133522 153607 110709 147548 127342 150741 144979 138891 146718 139849 131845 152165 131309 143237 138229 139742 133519 172858 166194 144802 138062 175767 135266 155358 140896 133126 149481 146997 154146 170463 0 121940 127150 0 146071 143707 111036 151965 146429 153258 135105 0 129228 122170

SarsaL 2500 DD_pt 53399 59819 64951 42522 64957 51244 55308 72890 52847 50029 50932 62955 71107 64454 57562 55540 52574 58404 67397 64802 63624 53931 65703 68911 87313 55157 63058 70419 47680 60256 53016 37660 58985 64776 71496 71551 0 51078 57269 56511 56099 49593 49845 55961 65362 54225 44059 0 128066 122948

SarsaL 2500 random 82341 85641 80211 80822 106903 79622 96256 102306 66795 85246 82699 77873 87590 91380 90792 95666 79745 100152 101498 113556 99989 98250 89727 82828 80243 88280 83954 103560 96373 97822 81532 68528 107018 85579 105742 98122 0 67273 74679 0 90405 105186 0 91377 87101 93436 66845 0 81868 76423

OL 2500 DD_pt 26934 28480 17132 21879 24964 16619 23146 25288 28771 31258 24259 21608 20076 22261 20451 35415 22542 18367 24160 31788 18527 24470 22480 34781 34669 25968 27560 35917 20479 25378 24378 13807 18475 30255 28901 27376 0 23371 17310 24871 22731 29153 25676 27723 22734 18969 24494 26909 17286 19639

OL 2500 random 37644 44437 42181 39876 51631 36046 44756 42199 38496 45486 36539 35362 50064 42417 43217 37058 39500 37011 40802 48165 37291 47181 34603 46180 34099 41433 56959 60110 35660 37735 34115 40786 44101 54381 35663 44384 0 41601 39337 55223 40336 39935 0 40201 30660 39173 38466 41170 30905 40112


# scale, inverse of rate
interarrival_time = 20
OL 2500 DD 52024 54168 0 65045 59415 0 61717 50709 52622 29804 52108 0 61530 55436 70520 26 45400 48206 0 53509 50196 5 26 58878 94722 60227 65720 55752 66513 51203 34561 50187 41430 48819 51935 31 0 0 0 0 0 0 52146 56515 61067 0 0 0 313 56627
interarrival_time = 5
OL 2500 DD 18294 23203 13219 19403 29300 21947 32163 20486 25235 17481 28093 25617 24384 35103 29015 17584 25382 24687 34761 17488 22410 18111 22545 25950 36419 20668 27409 22765 17621 17429 23043 23396 21990 19388 20020 11253 15606 32853 21560 13983 20090 16927 28841 10557 22712 26294 24603 19325 17393 18570
interarrival_time = 5
OL 2500 DD_pt 25651 45259 26444 20139 27514 23926 27508 19366 24621 33405 30761 29795 22187 38912 15162 17863 21457 9995 23884 24844 30775 17000 24827 20188 19689 16896 18596 28432 19500 14866 18909 16670 21222 18601 19991 17225 17007 24817 17706 15385 25809 20457 23257 9087 20226 21626 19739 13215 16134 12954
interarrival_time = 20
OL 2500 DD_pt 52362 43383 0 47662 57345 0 66097 38064 54191 38400 61392 0 36116 50473 61482 21 62477 50474 0 41545 52336 0 99 57929 70184 56755 68821 51302 54539 54757 29677 51189 25068 35278 37858 18890 0 0 0 0 0 0 47116 51625 60707 0 0 0 894 52688

OL 2500 DD_pt 107702 151964 0 89017 98356 0 114561 123825 160974 108210 52809 0 107979 137519 82136 50 31349 54422 0 32231 30560 9 0 58636 67831 25707 36954 39996 58879 56104 22137 87124 25096 32497 49332 19614 0 0 0 0 42 0 48701 64621 34834 0 0 0 910 35277

OL 2500 random 85403 110276 0 92851 94780 0 114441 102372 117559 98959 82382 74636 98520 106831 94841 62 54585 63085 0 51522 49630 16 85 71472 69738 59287 65090 55728 54305 62094 33383 68488 44501 43136 57792 54 0 0 0 0 56 46241 57102 73394 51278 0 0 0 1117 61233

OL 2500 random 74688 102147 0 81671 93195 0 108736 87447 117690 96525 65407 0 93000 89315 93550 17 63722 70779 0 53695 63110 12 55 73711 71607 58450 68670 55445 48119 71802 38603 71885 45948 46065 56383 19

OL 2500 random 74688 102147 0 81671 93195 0 108736 87447 117690 96525 65407 0 93000 89315 93550 17 63722 70779 0 53695 63110 12 55 73711 71607 58450 68670 55445 48119 71802 38603 71885 45948 46065 56383 19

OL 2500 random 74688 102147 0 81671 93195 0 108736 87447 117690 96525 65407 0 93000 89315 93550 17 63722 70779 0 53695 63110 12 55 73711 71607 58450 68670 55445 48119 71802 38603 71885 45948 46065 56383 19

OL 2500 DD 83198 130494 0 103715 105402 0 128340 117354 159915 112850 48439 89388 110671 160035 103977 5 36397 56254 0 36289 25584 5 163 65844 64437 36365 49705 38289 44222 53710 25653 83431 29367 42641 59859 19243

OL 2500 DD_pt 85258 139321 0 106457 95898 0 136849 122737 158957 117226 59662 84731 108136 145742 86156 0 38069 55425 0 35783 35449 0 43 66367 64804 42610 49561 45218 42603 46084 22197 86510 25449 33874 42209 21702

SarsaL 100 random 0

OL 100 DD_pt 0

OL 100 DD_pt 0

New

