SarsaL 1 DD 0 0 0 0 0 0 0 0 0 0 0 0 0 0 0 0 0 0 0 0 0 0 0 0 0 0 0 0 0 0 0 0 0 0 0 0 0 0 0 0 0 0 0 0 0 0 0 0 0 0

SarsaL 1 DD_pt 0 0 0 0 0 0 0 0 0 0 0 0 0 0 0 0 0 0 0 0 0 0 0 0 0 0 0 0 0 0 0 0 0 0 0 0 0 0 0 0 0 0 0 0 0 0 0 0 0 0

SarsaL 1 random 0 0 0 0 0 0 0 0 0 0 0 0 0 0 0 0 0 0 0 0 0 0 0 0 0 0 0 0 0 0 0 0 0 0 0 0 0 0 0 0 0 0 0 0 0 0 0 0 0 0

SarsaL 5 DD 0 0 0 0 0 0 0 0 0 0 0 0 0 0 0 0 0 0 0 0 0 0 0 0 0 0 0 0 0 0 0 0 0 0 0 0 0 0 0 0 0 0 0 0 0 0 0 0 0 0

SarsaL 5 DD_pt 0 0 0 0 0 0 0 0 0 0 0 0 0 0 0 0 0 0 0 0 0 0 0 0 0 0 0 0 0 0 0 0 0 0 0 0 0 0 0 0 0 0 0 0 0 0 0 0 0 0

SarsaL 5 random 0 0 0 0 0 0 0 0 0 0 0 0 0 0 0 0 0 0 0 0 0 0 0 0 0 0 0 0 0 0 0 0 0 0 0 0 0 0 0 0 0 0 0 0 0 0 0 0 0 0

OL 1 DD 0 0 0 0 0 0 0 0 0 0 0 0 0 0 0 0 0 0 0 0 0 0 0 0 0 0 0 0 0 0 0 0 0 0 0 0 0 0 0 0 0 0 0 0 0 0 0 0 0 0

OL 1 DD_pt 0 0 0 0 0 0 0 0 0 0 0 0 0 0 0 0 0 0 0 0 0 0 0 0 0 0 0 0 0 0 0 0 0 0 0 0 0 0 0 0 0 0 0 0 0 0 0 0 0 0

OL 1 random 0 0 0 0 0 0 0 0 0 0 0 0 0 0 0 0 0 0 0 0 0 0 0 0 0 0 0 0 0 0 0 0 0 0 0 0 0 0 0 0 0 0 0 0 0 0 0 0 0 0

OL 5 DD 0 0 0 0 0 0 0 0 0 0 0 0 0 0 0 0 0 0 0 0 0 0 0 0 0 0 0 0 0 0 0 0 0 0 0 0 0 0 0 0 0 0 0 0 0 0 0 0 0 0

OL 5 DD_pt 0 0 0 0 0 0 0 0 0 0 0 0 0 0 0 0 0 0 0 0 0 0 0 0 0 0 0 0 0 0 0 0 0 0 0 0 0 0 0 0 0 0 0 0 0 0 0 0 0 0

OL 5 random 0 0 0 0 0 0 0 0 0 0 0 0 0 0 0 0 0 0 0 0 0 0 0 0 0 0 0 0 0 0 0 0 0 0 0 0 0 0 0 0 0 0 0 0 0 0 0 0 0 0

SarsaL 1 DD 0 0 0 0 0 0 0 0 0 0 0 0 0 0 0 0 0 0 0 0 0 0 0 0 0 0 0 0 0 0 0 0 0 0 0 0 0 0 0 0 0 0 0 0 0 0 0 0 0 0

SarsaL 1 DD_pt 0 0 0 0 0 0 0 0 0 0 0 0 0 0 0 0 0 0 0 0 0 0 0 0 0 0 0 0 0 0 0 0 0 0 0 0 0 0 0 0 0 0 0 0 0 0 0 0 0 0

SarsaL 1 random 0 0 0 0 0 0 0 0 0 0 0 0 0 0 0 0 0 0 0 0 0 0 0 0 0 0 0 0 0 0 0 0 0 0 0 0 0 0 0 0 0 0 0 0 0 0 0 0 0 0

SarsaL 5 DD 0 0 0 0 0 0 0 0 0 0 0 0 0 0 0 0 0 0 0 0 0 0 0 0 0 0 0 0 0 0 0 0 0 0 0 0 0 0 0 0 0 0 0 0 0 0 0 0 0 0

SarsaL 5 DD_pt 0 0 0 0 0 0 0 0 0 0 0 0 0 0 0 0 0 0 0 0 0 0 0 0 0 0 0 0 0 0 0 0 0 0 0 0 0 0 0 0 0 0 0 0 0 0 0 0 0 0

SarsaL 5 random 0 0 0 0 0 0 0 0 0 0 0 0 0 0 0 0 0 0 0 0 0 0 0 0 0 0 0 0 0 0 0 0 0 0 0 0 0 0 0 0 0 0 0 0 0 0 0 0 0 0

SarsaL 1 DD 0 0 0 0 0 0 0 0 0 0 0 0 0 0 0 0 0 0 0 0 0 0 0 0 0 0 0 0 0 0 0 0 0 0 0 0 0 0 0 0 0 0 0 0 0 0 0 0 0 0

SarsaL 1 DD_pt 0 0 0 0 0 0 0 0 0 0 0 0 0 0 0 0 0 0 0 0 0 0 0 0 0 0 0 0 0 0 0 0 0 0 0 0 0 0 0 0 0 0 0 0 0 0 0 0 0 0

SarsaL 1 random 0 0 0 0 0 0 0 0 0 0 0 0 0 0 0 0 0 0 0 0 0 0 0 0 0 0 0 0 0 0 0 0 0 0 0 0 0 0 0 0 0 0 0 0 0 0 0 0 0 0

OL 1 DD 0 0 0 0 0 0 0 0 0 0 0 0 0 0 0 0 0 0 0 0 0 0 0 0 0 0 0 0 0 0 0 0 0 0 0 0 0 0 0 0 0 0 0 0 0 0 0 0 0 0

OL 1 DD_pt 0 0 0 0 0 0 0 0 0 0 0 0 0 0 0 0 0 0 0 0 0 0 0 0 0 0 0 0 0 0 0 0 0 0 0 0 0 0 0 0 0 0 0 0 0 0 0 0 0 0

OL 1 random 0 0 0 0 0 0 0 0 0 0 0 0 0 0 0 0 0 0 0 0 0 0 0 0 0 0 0 0 0 0 0 0 0 0 0 0 0 0 0 0 0 0 0 0 0 0 0 0 0 0

SarsaL 1000 DD 7091 6291 6906 5241 9503 5394 7897 4245 4179 7677 9632 5311 5049 5382 3691 4524 4610 8044 4199 8249 4064 5363 4540 11433 10564 7232 9365 11601 8590 11461 3721 3525 6051 7780 7176 3746 0 7657 5058 0 6006 5297 6931 6892 5555 9078 3660 5004 4447 4615

SarsaL 1000 DD_pt 7716 5449 8922 7707 4480 3704 4556 4606 4534 6497 6729 5082 9034 8980 5198 5615 6747 6635 5943 5979 7624 4695 4851 7301 7824 5299 6967 6500 5278 9062 4270 5174 7311 5692 8508 7763 0 5035 4830 0 4787 7148 4414 7002 8602 7839 5958 4901 5503 4794

SarsaL 1000 random 8562 11819 11461 8322 10203 5736 7034 6054 12276 9888 12321 8791 13551 10172 6633 10352 6077 11540 8134 10975 11829 8705 7968 9839 9916 9936 9532 15210 7378 9730 8899 6807 7981 11941 11463 16313 0 9434 9588 9057 7351 9073 0 8568 9060 10248 8923 0 10061 8672

SarsaL 5000 DD 616344 641434 675087 592785 669215 602082 650433 681245 606293 675177 607213 636370 646919 639207 677523 664717 625269 654374 654019 615697 639000 654668 657942 675231 710842 663017 648867 706320 675398 729251 644007 642872 659292 654886 647126 745952 0 605794 621900 0 651579 630829 552401 670724 640735 644238 652980 0 634495 579427

SarsaL 5000 DD_pt 611380 640313 668208 596652 665379 608592 653056 682118 594203 679630 601783 630546 641967 640177 671096 661426 619769 651191 654897 612607 636695 655683 657285 675354 705713 663415 645685 699954 672557 730512 644766 636597 654303 653674 641399 746038 0 599999 619092 0 642652 625400 555076 667050 637413 632456 651005 0 637120 573719

SarsaL 5000 random 391324 429861 421986 414385 480871 415460 410082 430176 431020 433700 355436 398168 455217 471927 454759 468615 389714 412021 423745 426171 394537 435249 391604 448016 416015 471918 424956 442742 443360 512804 408459 406915 396664 410617 386047 467225 0 435875 392904 398047 395607 420381 0 409187 431285 451445 406334 0 377155 436652

OL 1 DD 0 0 0 0 0 0 0 0 0 0 0 0 0 0 0 0 0 0 0 0 0 0 0 0 0 0 0 0 0 0 0 0 0 0 0 0 0 0 0 0 0 0 0 0 0 0 0 0 0 0

OL 1 DD_pt 0 0 0 0 0 0 0 0 0 0 0 0 0 0 0 0 0 0 0 0 0 0 0 0 0 0 0 0 0 0 0 0 0 0 0 0 0 0 0 0 0 0 0 0 0 0 0 0 0 0

OL 1 random 0 0 0 0 0 0 0 0 0 0 0 0 0 0 0 0 0 0 0 0 0 0 0 0 0 0 0 0 0 0 0 0 0 0 0 0 0 0 0 0 0 0 0 0 0 0 0 0 0 0

OL 1000 DD 1404 3292 3197 2830 3570 1646 1643 2558 4374 1455 4207 2629 2343 4169 1897 1856 1522 3002 2492 4612 1600 1881 2375 3612 1833 2162 5462 4515 3179 3386 2572 2505 2168 5230 3214 5696 0 4305 2669 6021 2573 2475 0 2185 4641 2826 2534 3124 2904 3223

OL 1000 DD_pt 2965 2897 2359 4474 3897 4598 2081 2680 5125 3389 3436 3301 1733 3122 3743 4229 2726 3127 3141 4249 1369 1622 1502 4247 2909 1777 4746 6230 1884 3813 1649 2268 973 5998 3625 3904 0 1011 3086 0 2039 620 4049 3352 3691 3495 1475 0 2026 4880

OL 1000 random 4976 5095 6743 6168 6238 5112 5219 5462 7190 7245 6911 5060 5767 5081 4454 5740 5078 2494 5164 4488 5439 5595 4157 5393 4743 5551 6074 5836 4971 4476 5014 3580 5951 5575 4938 5243 0 7247 4867 0 3013 5558 0 5017 6795 4492 3866 6444 5181 3594

OL 5000 DD 75960 68704 73938 95375 106857 82103 119203 87429 109129 122591 97392 69970 86255 114675 67329 108294 112918 104353 88807 64201 82406 91728 95225 137785 156481 92049 116347 110214 104903 107215 83889 70701 78674 122048 87827 80630 0 97780 109675 147333 74039 94614 101617 99479 98562 119836 104128 168296 101619 113528

OL 5000 DD_pt 92608 98094 87690 100109 73279 83710 74237 75152 88583 97906 93865 85968 92040 69335 101621 77442 74637 115399 102342 96421 66912 90840 92681 120499 164576 84747 98247 107064 80810 111303 68494 70431 84889 108164 107755 92472 0 86676 105128 0 76105 76747 91475 94959 108874 105909 122861 0 93875 127413

OL 5000 random 158790 170854 158262 167025 184830 164887 165890 180921 179235 118929 170141 180544 205567 175567 184115 185563 140469 184500 173594 173601 164501 170622 156446 191622 193868 192575 181477 186234 194545 169902 165880 144960 129411 159048 183342 142105 0 132172 142519 0 144845 167767 0 182399 158043 156028 159943 213537 171669 168998

